5	3.103941766
6	3.125578692
7	3.135743301
8	3.150557445
9	3.165452046
10	3.177158459
11	3.190718973
12	3.208184814
13	3.229235747
14	3.252380803
15	3.277414973
16	3.304123947
17	3.332444155
18	3.361909571
19	3.392155412
20	3.422863685
21	3.453905979
22	3.483484865
23	3.511752681
24	3.537744352
25	3.561769867
26	3.586477235
27	3.609427522
28	3.631173504
29	3.653805682
30	3.674469118
31	3.700260593
32	3.72311898
33	3.746190476
34	3.762179612
35	3.787040816
36	3.795785047
37	3.82002439
38	3.829786885
39	3.83878
40	3.859829268
41	3.854722222
42	3.878888889
43	3.887782609
44	3.898736842
45	3.918533333
46	3.925545455
47	4.007125
48	3.9995
49	4.019166667
50	4.0622
