   1.150735    
  0.8499093    
   1.067151    
  0.8130417    
  0.9096748    
  0.8168128    
  0.7930434    
  0.7366729    
  0.7145395    
  0.6729984    
  0.5780811    
  0.5146772    
  0.4537940    
  0.5363018    
  0.6379613    
  0.6744793    
  0.6423714    
  0.6298691    
  0.5615200    
  0.5978817    
  0.6429766    
  0.6757796    
  0.7133727    
  0.5668402    
  0.6158669    
  0.5027903    
  0.4750341    
  0.4963167    
  0.5241736    
  0.4524557    
  0.5601078    
  0.4573757    
  0.6787249    
  0.4528211    
  0.5636669    
  0.6939645    
  0.8030862    
  0.7532718    
  0.6524112    
  0.7219000    
  0.9951842    
  0.5041071    
  0.5897070    
  0.2975044    
  0.8074176    
  0.6966578    
   1.086050    
   1.126165    
